%YAML:1.0
camera_matrix: !!opencv-matrix
   rows: 3
   cols: 3
   dt: d
   data: [ 1.9109556203786724e+03, 0., 9.7868550610235718e+02, 0.,
       1.9067942582652870e+03, 5.3264622851365255e+02, 0., 0., 1. ]
distortion_coefficients: !!opencv-matrix
   rows: 1
   cols: 5
   dt: d
   data: [ 8.4168872817623579e-03, -1.6092726101677710e-01,
       1.4210945666220784e-03, -3.9888765134799423e-03,
       1.3635442753934679e-01 ]
