<?xml version="1.0"?>
<opencv_storage>
<camera_matrix type_id="opencv-matrix">
  <rows>3</rows>
  <cols>3</cols>
  <dt>d</dt>
  <data>
    1.9109556203786724e+03 0. 9.7868550610235718e+02 0.
    1.9067942582652870e+03 5.3264622851365255e+02 0. 0. 1.</data></camera_matrix>
<distortion_coefficients type_id="opencv-matrix">
  <rows>1</rows>
  <cols>5</cols>
  <dt>d</dt>
  <data>
    8.4168872817623579e-03 -1.6092726101677710e-01
    1.4210945666220784e-03 -3.9888765134799423e-03
    1.3635442753934679e-01</data></distortion_coefficients>
</opencv_storage>
